BIAS:

88,ff,ff,ff,

StandardName:
45, 00, 2e, 00, 20, 00, 45, 00, 75, 00, 72, 00, 6f, 00, 70, 00, 65, 00, 20, 00, 53, 00, 74, 00, 61, 00, 6e, 00, 64, 00, 61, 00, 72, 00, 64, 00, 20, 00, 54, 00, 69, 00, 6d, 00, 65, 00, 00, 00, 00, 00, 00, 00, 00, 00, 00, 00, 00, 00, 00, 00, 00, 00, 00, 00

StandardDate:
00, 00, 09, 00, 00, 00, 05, 00, 00, 00, 05, 00

StandardBias:
01, 00, 00, 00

DaylightName:
00, 00, 00, 00, 00, 00, 00, 00, 45, 00, 2e, 00, 20, 00, 45, 00, 75, 00, 72, 00, 6f, 00, 70, 00, 65, 00, 20, 00, 44, 00, 61, 00, 79, 00, 6c, 00, 69, 00, 67, 00, 68, 00, 74, 00, 20, 00, 54, 00, 69, 00, 6d, 00, 65, 00, 00, 00, 00, 00, 00, 00, 00, 00, 00, 00

DaylightDate:
00, 00, 00, 00, 00, 00, 00, 00, 00, 00, 03, 00

DaylightBias:
00, 00, 05, 00

00
00
00
00
00
00
00
00
